1 12.5250931 -52.7510719 -0.0000001 3.0 3.0 3
2 18.9751740 -52.7503281 -0.0000001 3.0 3.0 3
3 25.7000656 -54.3499298 -0.7853984 3.0 3.0 3
4 27.9000168 -60.0998993 -1.5708222 3.0 3.0 3
5 25.4500122 -64.9999008 -2.5307276 3.0 3.0 3
6 19.1250305 -66.2748642 3.1415923  3.0 3.0 3
7 -1.3999634 -66.4502869 3.1415663  3.0 3.0 3
8 -23.1006470 -65.7490921 2.7925267 3.0 3.0 3
9 -32.1750717 -60.9257126 2.3561945 3.0 3.0 3
10 -37.4752769 -51.5748062 1.9198622 3.0 3.0 3
11 -38.3753052 -38.8497772 1.5708117 3.0 3.0 3
12 -38.3998871 -26.5997849 1.5708191 3.0 3.0 3
13 -37.8743019 -16.6748199 1.2653636 3.0 3.0 3
14 -33.9491005 -7.7247238 0.7853981 3.0 3.0 3
15 -23.6241913 -0.7997246 0.1745328 3.0 3.0 3
16 0.0000992 0.0002708 -0.0000001 3.0 3.0 3
17 12.3501129 -0.0248375 -0.0000002 3.0 3.0 3
18 21.9751205 -0.1498604 -0.0000260 3.0 3.0 3
19 26.4750900 -2.5747948 -0.9599570 3.0 3.0 3
20 27.9001083 -6.5247803 -1.5707967 3.0 3.0 3
21 27.9001083 -27.1248016 -1.5707966 3.0 3.0 3
22 26.0001297 -30.9247742 -2.3561945 3.0 3.0 3
23 22.3003616 -32.8247757 -3.1415925 3.0 3.0 3
24 11.9253082 -32.7748032 -3.1415925 3.0 3.0 3
25 0.4002838 -33.1248436 -3.1415923 3.0 3.0 0
